1000
38
98
28
12
56
78
87
69
62
4
31
55
92
50
65
98
89
86
78
35
15
25
23
71
53
87
68
98
39
6
54
33
29
65
88
77
12
99
70
91
69
83
47
69
81
88
36
39
17
63
53
23
42
53
74
72
72
63
81
88
58
49
43
37
20
44
27
92
69
96
49
8
70
16
11
65
80
59
74
28
54
80
34
68
94
58
69
3
8
22
47
63
14
88
69
90
12
16
40
88
82
78
96
29
30
2
64
41
31
75
78
79
62
36
67
79
61
31
90
81
96
40
26
38
11
57
83
31
51
24
87
21
9
63
84
4
89
26
80
5
40
16
58
66
77
13
73
16
51
34
14
93
13
52
33
37
33
35
3
25
2
69
82
46
84
59
55
15
77
14
34
47
35
19
60
6
17
90
2
27
83
19
70
38
51
28
48
7
2
17
99
92
52
91
23
15
69
35
33
71
31
78
17
4
39
22
27
80
46
54
33
6
24
31
74
19
44
80
56
39
18
40
9
38
4
63
91
91
5
8
76
1
97
60
90
66
3
26
47
20
68
17
18
0
65
94
69
18
29
30
22
99
21
25
57
66
6
16
4
55
38
18
45
31
91
82
53
94
46
34
28
21
32
97
64
13
89
37
50
7
91
6
86
55
97
48
77
59
25
1
43
63
64
30
19
55
16
84
26
25
97
53
91
52
50
63
18
36
59
93
51
55
88
99
5
51
50
79
21
96
4
23
41
79
91
15
11
34
69
73
18
13
17
25
25
26
52
51
37
75
67
14
85
53
60
22
53
22
19
0
86
78
73
26
22
73
61
73
73
29
21
27
47
58
75
85
77
20
29
10
80
58
74
42
34
65
21
54
60
39
0
99
27
2
14
28
79
22
50
88
36
46
9
24
12
38
82
59
16
95
8
71
5
45
58
46
90
36
73
34
71
35
63
77
70
84
7
30
67
23
33
64
71
53
41
97
8
19
40
85
4
13
25
29
12
73
64
80
12
14
91
54
62
65
27
98
10
17
42
61
82
55
91
59
81
51
73
69
77
55
24
17
57
22
90
96
85
62
9
96
43
35
72
78
66
51
75
79
57
60
49
30
88
6
77
77
45
21
9
28
2
54
67
67
33
22
70
51
36
72
4
5
99
14
14
12
50
40
8
28
78
40
33
24
79
21
30
95
12
12
43
88
76
20
49
85
57
79
51
30
68
31
71
9
95
88
75
44
4
57
3
25
36
92
29
9
42
49
52
95
67
35
54
47
39
26
91
21
58
19
58
62
22
18
68
27
2
71
46
98
73
37
45
41
17
94
27
96
72
15
9
74
71
84
35
69
27
50
86
29
30
57
59
58
49
43
73
8
93
75
59
38
10
88
76
33
54
31
96
65
33
88
66
99
48
73
9
17
95
21
96
81
19
99
91
86
33
82
98
1
78
93
7
76
69
40
98
16
65
23
94
44
45
29
79
94
94
75
77
58
59
77
62
77
26
27
91
35
8
4
17
79
67
6
50
78
7
48
30
36
77
74
74
83
13
31
82
60
50
35
19
91
50
21
68
42
71
23
97
80
75
17
96
54
34
34
46
40
94
20
45
53
6
97
34
45
40
3
56
69
14
88
14
72
41
29
45
38
63
4
26
25
74
33
77
17
11
29
8
28
7
53
82
54
15
82
58
63
54
49
42
54
61
47
15
90
18
21
21
35
32
1
95
8
65
31
32
37
25
48
30
18
75
10
95
52
27
82
62
27
27
72
53
81
42
35
25
11
54
10
84
58
12
78
49
97
24
83
85
94
53
16
48
77
47
6
11
78
10
40
38
26
65
7
28
30
80
66
20
60
26
56
76
94
35
22
26
10
26
22
42
28
52
0
92
71
40
2
78
66
22
88
59
18
9
60
64
14
92
18
15
94
29
79
60
6
30
50
15
89
70
31
41
40
84
29
34
38
30
59
73
56
95
48
22
37
63
12
22
31
54
82
50
95
0
87
13
48
20
62
39
25
58
25
39
46
15
19
14
99
38
46
43
18
81
65
7
35
29
36
19
48
43
33
19
95
2
0
20
24
36
24
81
99
33
97
27
77
16
62
66
95
29
49
90
65
31
42
80
78
70
98
51
91
80
91
69
65
92
26
10
44
80
93
0
10
16
14
99
20
28
97
34
71
28
97
38
82
68
53
3
20
2
35
2
95
74
40
11
16
2
86
96
74
20
90
84
99
29
71
57
69
21
82
1
39
46
2
24
80
69
41
1
75
41
55
92
85
99
93
